This is hmc program ./hmc.v0.1, version 0.1.
**********************************************************
Compile time parameters:
NSPACE:  2
NTIME:   1
NDIM:    4
NCOLOR:  3
NSPIN:   4

Run time parameters:
kappa = 0.150000
mu    = 4.000000
beta  = 6.000000
CGmax = 20
prec = 	64
thermsteps = 	0
heatbathsteps = 1000

no sourcefile
**********************************************************

global squarenorm: 96.000000
restart
0	2.109352e-01
1	1.199136e-01
2	1.510260e-01
3	1.503278e-02
4	2.642046e-02
5	1.449438e-02
6	2.562706e-02
7	2.939885e-02
8	2.951017e-02
9	2.866652e-02
10	3.068384e-02
11	2.857778e-02
12	2.210190e-02
13	1.382076e-02
14	1.440258e-02
15	1.229898e-02
16	9.053040e-03
17	1.429906e-02
18	1.454534e-02
19	6.296203e-03
20	6.398452e-03
21	8.531263e-03
22	7.565274e-03
23	7.454810e-03
24	6.518223e-03
25	5.872813e-03
26	3.899172e-03
27	3.423455e-03
28	1.725282e-03
29	1.590712e-03
30	1.483207e-03
31	1.681844e-03
32	4.243800e-03
33	5.511347e-03
34	1.769732e-03
35	2.202467e-03
36	2.369736e-03
37	2.570060e-03
38	2.810679e-03
39	3.157980e-03
restart
40	2.109352e-01
41	1.199136e-01
42	1.510260e-01
43	1.503278e-02
44	2.642046e-02
45	1.449438e-02
46	2.562706e-02
47	2.939885e-02
48	2.951017e-02
49	2.866652e-02
50	3.068384e-02
51	2.857778e-02
52	2.210190e-02
53	1.382076e-02
54	1.440258e-02
55	1.229898e-02
56	9.053040e-03
57	1.429906e-02
58	1.454534e-02
59	6.296203e-03
60	6.398452e-03
61	8.531263e-03
62	7.565274e-03
63	7.454810e-03
64	6.518223e-03
65	5.872813e-03
66	3.899172e-03
67	3.423455e-03
68	1.725282e-03
69	1.590712e-03
70	1.483207e-03
71	1.681844e-03
72	4.243800e-03
73	5.511347e-03
74	1.769732e-03
75	2.202467e-03
76	2.369736e-03
77	2.570060e-03
78	2.810679e-03
79	3.157980e-03
restart
80	2.109352e-01
81	1.199136e-01
82	1.510260e-01
83	1.503278e-02
84	2.642046e-02
85	1.449438e-02
86	2.562706e-02
87	2.939885e-02
88	2.951017e-02
89	2.866652e-02
90	3.068384e-02
91	2.857778e-02
92	2.210190e-02
93	1.382076e-02
94	1.440258e-02
95	1.229898e-02
96	9.053040e-03
97	1.429906e-02
98	1.454534e-02
99	6.296203e-03
100	6.398452e-03
global squarenorm: 430.815704
