       1	1.26363151899925	1.2791094768641	1.24815356113439	0.0436988386374521	-0.141755965263122	0.148338606525549
       3	1.19623027926307	1.19768744197011	1.19477311655604	-0.0176804495308323	0.0640909827280106	0.0664849784737459
       5	1.1939088108692	1.19358346596696	1.19423415577144	0.0693682587244923	0.0907131704344148	0.114196473714083
       7	1.19088160258054	1.19073240564818	1.19103079951289	0.00223453340958386	0.0860483134343571	0.0860773221264226
       9	1.22013356546532	1.21337039288496	1.22689673804569	0.138183203125335	0.0286340830830131	0.141118773874997
       1	1.26363151899925	1.2791094768641	1.24815356113439	0.0436988386374521	-0.141755965263122	0.148338606525549
       3	1.19623027926307	1.19768744197011	1.19477311655604	-0.0176804495308323	0.0640909827280106	0.0664849784737459
       5	1.1939088108692	1.19358346596696	1.19423415577144	0.0693682587244923	0.0907131704344148	0.114196473714083
       7	1.19088160258054	1.19073240564818	1.19103079951289	0.00223453340958386	0.0860483134343571	0.0860773221264226
       9	1.22013356546532	1.21337039288496	1.22689673804569	0.138183203125335	0.0286340830830131	0.141118773874997
       1	1.25525051933066	1.25824660876873	1.25225442989258	0.0673060371531578	-0.00155364911716505	0.0673239664817925
       3	1.20689143098354	1.22063861362136	1.19314424834571	-0.0453093999869	0.0628439054299403	0.0774745001717351
       5	1.19346796145235	1.19485265256788	1.19208327033682	-0.0806251825827601	-0.019268093206684	0.082895593865566
       7	1.21607087328868	1.21685452938751	1.21528721718985	-0.0251901568723423	0.242607295540744	0.24391154924039
       9	1.21575916641601	1.21741967200423	1.2140986608278	-0.063152898459627	0.00974696298786826	0.0639006406175934
       1	1.25525051933066	1.25824660876873	1.25225442989258	0.0673060371531578	-0.00155364911716505	0.0673239664817925
       3	1.20689143098354	1.22063861362136	1.19314424834571	-0.0453093999869	0.0628439054299403	0.0774745001717351
       5	1.19346796145235	1.19485265256788	1.19208327033682	-0.0806251825827601	-0.019268093206684	0.082895593865566
       7	1.21607087328868	1.21685452938751	1.21528721718985	-0.0251901568723423	0.242607295540744	0.24391154924039
       9	1.21575916641601	1.21741967200423	1.2140986608278	-0.063152898459627	0.00974696298786826	0.0639006406175934
       1	1.25525051933066	1.25824660876873	1.25225442989258	0.0673060371531578	-0.00155364911716505	0.0673239664817925
       1	1.25525051933066	1.25824660876873	1.25225442989258	0.0673060371531578	-0.00155364911716505	0.0673239664817925
       3	1.20689143098354	1.22063861362136	1.19314424834571	-0.0453093999869	0.0628439054299403	0.0774745001717351
       5	1.19346796145235	1.19485265256788	1.19208327033682	-0.0806251825827601	-0.019268093206684	0.082895593865566
       7	1.21607087328868	1.21685452938751	1.21528721718985	-0.0251901568723423	0.242607295540744	0.24391154924039
       9	1.21575916641601	1.21741967200423	1.2140986608278	-0.063152898459627	0.00974696298786826	0.0639006406175934
       1	1.25525051933066	1.25824660876873	1.25225442989258	0.0673060371531578	-0.00155364911716505	0.0673239664817925
       3	1.20689143098354	1.22063861362136	1.19314424834571	-0.0453093999869	0.0628439054299403	0.0774745001717351
       5	1.19346796145235	1.19485265256788	1.19208327033682	-0.0806251825827601	-0.019268093206684	0.082895593865566
       7	1.21607087328868	1.21685452938751	1.21528721718985	-0.0251901568723423	0.242607295540744	0.24391154924039
       9	1.21575916641601	1.21741967200423	1.2140986608278	-0.063152898459627	0.00974696298786826	0.0639006406175934
       1	1.25525051933066	1.25824660876873	1.25225442989258	0.0673060371531578	-0.00155364911716505	0.0673239664817925
       3	1.20689143098354	1.22063861362136	1.19314424834571	-0.0453093999869	0.0628439054299403	0.0774745001717351
       5	1.19346796145235	1.19485265256788	1.19208327033682	-0.0806251825827601	-0.019268093206684	0.082895593865566
       7	1.21607087328868	1.21685452938751	1.21528721718985	-0.0251901568723423	0.242607295540744	0.24391154924039
       9	1.21575916641601	1.21741967200423	1.2140986608278	-0.063152898459627	0.00974696298786826	0.0639006406175934
       1	1.25525051933066	1.25824660876873	1.25225442989258	0.0673060371531578	-0.00155364911716505	0.0673239664817925
       3	1.20689143098354	1.22063861362136	1.19314424834571	-0.0453093999869	0.0628439054299403	0.0774745001717351
       5	1.19346796145235	1.19485265256788	1.19208327033682	-0.0806251825827601	-0.019268093206684	0.082895593865566
       7	1.21607087328868	1.21685452938751	1.21528721718985	-0.0251901568723423	0.242607295540744	0.24391154924039
       9	1.21575916641601	1.21741967200423	1.2140986608278	-0.063152898459627	0.00974696298786826	0.0639006406175934
       1	1.26363151899925	1.2791094768641	1.24815356113439	0.0436988386374521	-0.141755965263122	0.148338606525549
       3	1.19623027926307	1.19768744197011	1.19477311655604	-0.0176804495308323	0.0640909827280106	0.0664849784737459
       5	1.1939088108692	1.19358346596696	1.19423415577144	0.0693682587244923	0.0907131704344148	0.114196473714083
       7	1.19088160258054	1.19073240564818	1.19103079951289	0.00223453340958386	0.0860483134343571	0.0860773221264226
       9	1.22013356546532	1.21337039288496	1.22689673804569	0.138183203125335	0.0286340830830131	0.141118773874997
       1	1.26363151899925	1.2791094768641	1.24815356113439	0.0436988386374521	-0.141755965263122	0.148338606525549
       3	1.19623027926307	1.19768744197011	1.19477311655604	-0.0176804495308323	0.0640909827280106	0.0664849784737459
       5	1.1939088108692	1.19358346596696	1.19423415577144	0.0693682587244923	0.0907131704344148	0.114196473714083
       7	1.19088160258054	1.19073240564818	1.19103079951289	0.00223453340958386	0.0860483134343571	0.0860773221264226
       9	1.22013356546532	1.21337039288496	1.22689673804569	0.138183203125335	0.0286340830830131	0.141118773874997
       1	1.25525051933066	1.25824660876873	1.25225442989258	0.0673060371531578	-0.00155364911716505	0.0673239664817925
       3	1.20689143098354	1.22063861362136	1.19314424834571	-0.0453093999869	0.0628439054299403	0.0774745001717351
       5	1.19346796145235	1.19485265256788	1.19208327033682	-0.0806251825827601	-0.019268093206684	0.082895593865566
       7	1.21607087328868	1.21685452938751	1.21528721718985	-0.0251901568723423	0.242607295540744	0.24391154924039
       9	1.21575916641601	1.21741967200423	1.2140986608278	-0.063152898459627	0.00974696298786826	0.0639006406175934
       1	1.25525051933066	1.25824660876873	1.25225442989258	0.0673060371531578	-0.00155364911716505	0.0673239664817925
       3	1.20689143098354	1.22063861362136	1.19314424834571	-0.0453093999869	0.0628439054299403	0.0774745001717351
       5	1.19346796145235	1.19485265256788	1.19208327033682	-0.0806251825827601	-0.019268093206684	0.082895593865566
       7	1.21607087328868	1.21685452938751	1.21528721718985	-0.0251901568723423	0.242607295540744	0.24391154924039
       9	1.21575916641601	1.21741967200423	1.2140986608278	-0.063152898459627	0.00974696298786826	0.0639006406175934
       1	1.25525051933066	1.25824660876873	1.25225442989258	0.0673060371531578	-0.00155364911716505	0.0673239664817925
       3	1.20689143098354	1.22063861362136	1.19314424834571	-0.0453093999869	0.0628439054299403	0.0774745001717351
       5	1.19346796145235	1.19485265256788	1.19208327033682	-0.0806251825827601	-0.019268093206684	0.082895593865566
       7	1.21607087328868	1.21685452938751	1.21528721718985	-0.0251901568723423	0.242607295540744	0.24391154924039
       9	1.21575916641601	1.21741967200423	1.2140986608278	-0.063152898459627	0.00974696298786826	0.0639006406175934
       1	1.25525051933066	1.25824660876873	1.25225442989258	0.0673060371531578	-0.00155364911716505	0.0673239664817925
       3	1.20689143098354	1.22063861362136	1.19314424834571	-0.0453093999869	0.0628439054299403	0.0774745001717351
       5	1.19346796145235	1.19485265256788	1.19208327033682	-0.0806251825827601	-0.019268093206684	0.082895593865566
       7	1.21607087328868	1.21685452938751	1.21528721718985	-0.0251901568723423	0.242607295540744	0.24391154924039
       9	1.21575916641601	1.21741967200423	1.2140986608278	-0.063152898459627	0.00974696298786826	0.0639006406175934
       1	1.25525051933066	1.25824660876873	1.25225442989258	0.0673060371531578	-0.00155364911716505	0.0673239664817925
       3	1.20689143098354	1.22063861362136	1.19314424834571	-0.0453093999869	0.0628439054299403	0.0774745001717351
       5	1.19346796145235	1.19485265256788	1.19208327033682	-0.0806251825827601	-0.019268093206684	0.082895593865566
       7	1.21607087328868	1.21685452938751	1.21528721718985	-0.0251901568723423	0.242607295540744	0.24391154924039
       9	1.21575916641601	1.21741967200423	1.2140986608278	-0.063152898459627	0.00974696298786826	0.0639006406175934
       1	1.25525051933066	1.25824660876873	1.25225442989258	0.0673060371531578	-0.00155364911716505	0.0673239664817925
       3	1.20689143098354	1.22063861362136	1.19314424834571	-0.0453093999869	0.0628439054299403	0.0774745001717351
       5	1.19346796145235	1.19485265256788	1.19208327033682	-0.0806251825827601	-0.019268093206684	0.082895593865566
       7	1.21607087328868	1.21685452938751	1.21528721718985	-0.0251901568723423	0.242607295540744	0.24391154924039
       9	1.21575916641601	1.21741967200423	1.2140986608278	-0.063152898459627	0.00974696298786826	0.0639006406175934
       1	1.25525051933066	1.25824660876873	1.25225442989258	0.0673060371531578	-0.00155364911716505	0.0673239664817925
       3	1.20689143098354	1.22063861362136	1.19314424834571	-0.0453093999869	0.0628439054299403	0.0774745001717351
       5	1.19346796145235	1.19485265256788	1.19208327033682	-0.0806251825827601	-0.019268093206684	0.082895593865566
       7	1.21607087328868	1.21685452938751	1.21528721718985	-0.0251901568723423	0.242607295540744	0.24391154924039
       9	1.21575916641601	1.21741967200423	1.2140986608278	-0.063152898459627	0.00974696298786826	0.0639006406175934
       1	1.25525051933066	1.25824660876873	1.25225442989258	0.0673060371531578	-0.00155364911716505	0.0673239664817925
       3	1.20689143098354	1.22063861362136	1.19314424834571	-0.0453093999869	0.0628439054299403	0.0774745001717351
       5	1.19346796145235	1.19485265256788	1.19208327033682	-0.0806251825827601	-0.019268093206684	0.082895593865566
       7	1.21607087328868	1.21685452938751	1.21528721718985	-0.0251901568723423	0.242607295540744	0.24391154924039
       9	1.21575916641601	1.21741967200423	1.2140986608278	-0.063152898459627	0.00974696298786826	0.0639006406175934
       1	1.25525051933066	1.25824660876873	1.25225442989258	0.0673060371531578	-0.00155364911716505	0.0673239664817925
       3	1.20689143098354	1.22063861362136	1.19314424834571	-0.0453093999869	0.0628439054299403	0.0774745001717351
       5	1.19346796145235	1.19485265256788	1.19208327033682	-0.0806251825827601	-0.019268093206684	0.082895593865566
       7	1.21607087328868	1.21685452938751	1.21528721718985	-0.0251901568723423	0.242607295540744	0.24391154924039
       9	1.21575916641601	1.21741967200423	1.2140986608278	-0.063152898459627	0.00974696298786826	0.0639006406175934
       1	1.25525051933066	1.25824660876873	1.25225442989258	0.0673060371531578	-0.00155364911716505	0.0673239664817925
       3	1.20689143098354	1.22063861362136	1.19314424834571	-0.0453093999869	0.0628439054299403	0.0774745001717351
       5	1.19346796145235	1.19485265256788	1.19208327033682	-0.0806251825827601	-0.019268093206684	0.082895593865566
       7	1.21607087328868	1.21685452938751	1.21528721718985	-0.0251901568723423	0.242607295540744	0.24391154924039
       9	1.21575916641601	1.21741967200423	1.2140986608278	-0.063152898459627	0.00974696298786826	0.0639006406175934
