4	12	6912	0	13366	0	0	0	0	0
4	12	6912	0	11954	0	0	0	0	0
4	12	6912	0	11666	0	0	0	876895	0
4	12	6912	880393	13272	0	0	0	866790	0
4	12	6912	1554977	13062	0	0	0	859235	682350
4	12	6912	1759375	13322	0	8307	188570	863035	685118
4	4	256	2998760	2880036	467	1836	860	5743	4296
4	4	256	2160070	2033217	540	1707	912	6261	4614
4	4	256	1537964	1394997	513	2023	860	5961	4463
4	4	256	1555040	1408628	569	1701	908	5921	4487
4	4	256	1560579	1420301	493	2009	878	5937	4541
4	4	256	1538580	1394920	557	1952	869	5724	4342
4	4	256	1552297	1405912	553	2010	902	5793	4514
4	4	256	1534823	1396029	618	2030	963	6784	5036
4	4	256	1536069	1402888	556	1979	924	6482	4851
4	4	256	1556321	1411513	562	1713	870	5941	4381
4	4	256	1546622	1398310	610	1975	902	5962	4496
4	4	256	1543802	1400462	512	1853	886	5757	4337
4	4	256	1544743	1394391	531	1638	898	6330	4615
4	4	256	1384886	1238022	608	2025	907	5953	4513
4	4	256	1379889	1235857	593	2020	885	5817	4395
4	4	256	1382595	1239362	557	1934	858	5724	4351
4	4	256	1412141	1261038	537	2022	908	6219	4776
4	4	256	1398997	1251235	469	1926	877	6159	4603
